8 10

-3 -8  -7  3 -8  -8 -6  8 -2  -9
 9 -6  -2  1  1  -3  2  5 -6  -1
 5  1  -3 -4 -9   4 -4 -7 -1   5
-9  7   8  0 -7  -8 -9  7 -8   4
-5  7  -2  5 -5   0  3 -9 -9   6
-4 -9 -10 -4  2  -4 -9  0  0  -7
 9  9 -10  1  2  -3  7  4 -1  -6
 2  1  -1  5 -3   4 -8 -3  4   1
 
 
 10 8

 3 -5 -6  -9 -10  -3 -10   5 
 2 -5 -6 -10  -3 -10  -4   8
 5 -6  1  -5   9 -10   7  -9
-2  9  6   9  -2  -8   7  10
10 -3 -4   9   2  -7  10  -9
-5  5 -4   7  -1   0  -4  -1
 4 -1  5   9   9  -2   5   3
 0  3  8   2  10  -9  -9   6
10  3  7   4   5   2   8 -10
-2  7  5   3   9  -9   7   0
